0,45,17,44,42,32,31,27,25,11
45,0,34,14,12,21,35,37,25,39
17,34,0,30,18,5,4,22,9,7
44,14,30,0,1,15,24,43,38,41
42,12,18,1,0,2,13,40,28,33
32,21,5,15,2,0,10,29,16,19
31,35,4,24,13,10,0,36,23,20
27,37,22,43,40,29,36,0,3,8
25,25,9,38,28,16,23,3,0,6
11,39,7,41,33,19,20,8,6,0
